0 0.0753125 0.57125 0.150625 0.18416599999999994
0 0.4203125 0.55625 0.17812500000000003 0.11916599999999994
0 0.5096875 0.5441665 0.13687500000000002 0.10833300000000001
0 0.5775 0.5379170000000001 0.11499999999999999 0.08249999999999996
0 0.693125 0.5329164999999999 0.12125000000000008 0.07583300000000004
0 0.746875 0.505 0.07374999999999998 0.05166599999999999
0 0.7428125 0.518333 0.06062499999999993 0.05999999999999994
0 0.8106249999999999 0.5404165000000001 0.07999999999999996 0.019167000000000045
0 0.90625 0.5466665 0.08250000000000002 0.04166700000000001
0 0.98375 0.5612499999999999 0.03125 0.03583400000000003
