0 0.195 0.5523254999999999 0.03375 0.024031000000000025
0 0.25875 0.6062015 0.03624999999999998 0.032559000000000005
0 0.264375 0.5131779999999999 0.03875000000000001 0.024805999999999995
0 0.3246875 0.617442 0.04812500000000003 0.04108600000000007
0 0.3625 0.5275195 0.036250000000000004 0.02248099999999997
0 0.3703125 0.5891470000000001 0.03187499999999999 0.032557999999999976
0 0.4184375 0.65155 0.05437500000000001 0.067442
0 0.41812499999999997 0.5449615 0.03875000000000001 0.029457000000000066
0 0.48625 0.6736435 0.06500000000000006 0.07751899999999999
0 0.5290625 0.6108525 0.034375000000000044 0.027907000000000015
0 0.5853125 0.574806 0.024375000000000036 0.027132000000000045
0 0.6903125 0.7263570000000001 0.17937500000000006 0.19999999999999996
0 0.660625 0.6065889999999999 0.040000000000000036 0.036433999999999966
0 0.915 0.7124029999999999 0.14125 0.13023200000000001
