0 0.2184375 0.648914 0.16562500000000002 0.15201599999999993
0 0.1196875 0.022234 0.023125000000000007 0.036194
0 0.1834375 0.09617400000000001 0.033125000000000016 0.045502
0 0.4040625 0.6577045 0.166875 0.155119
0 0.448125 0.102896 0.04249999999999998 0.032058
0 0.6609375 0.4089965 0.03687499999999999 0.058945000000000025
0 0.6909375 0.45243 0.04312499999999997 0.05274000000000001
0 0.6915625000000001 0.32523250000000004 0.03937500000000005 0.05274099999999999
0 0.7228125 0.37383649999999996 0.03562500000000002 0.04446699999999998
0 0.7384375000000001 0.19389849999999997 0.020625000000000004 0.027921
0 0.75625 0.26008250000000005 0.03125 0.03826300000000002
0 0.7640625 0.16804550000000001 0.02562500000000001 0.036195000000000005
0 0.7746875 0.22957600000000003 0.03187499999999999 0.02688800000000002
0 0.7846875 0.1830405 0.020625000000000004 0.022750999999999993
0 0.8096875 0.162875 0.02187500000000009 0.02998999999999999
